{
 "cells": [
  {
   "cell_type": "code",
   "execution_count": 7,
   "metadata": {},
   "outputs": [],
   "source": [
    "import numpy as np\n",
    "import pandas as pd\n",
    "from numpy.testing import assert_array_equal, assert_array_almost_equal, assert_equal, assert_almost_equal\n",
    "from pandas.testing import assert_frame_equal\n",
    "from numpy import dot\n",
    "from numpy import diff"
   ]
  },
  {
   "cell_type": "markdown",
   "metadata": {
    "colab_type": "text",
    "id": "Jvls9GQxWK5O"
   },
   "source": [
    "# SLIDE (1) Матричные производные"
   ]
  },
  {
   "cell_type": "markdown",
   "metadata": {},
   "source": [
    "На вход подаются вектор $\\boldsymbol{x}$ длины $n$, $\\boldsymbol{c}$ длины $m$ и матрица $A$ размера $\\{n\\times m\\}$\n",
    "\n",
    "Пусть $y = \\boldsymbol{x}^TA\\boldsymbol{c}$\n",
    "\n",
    "Найдите $\\frac{dy}{d\\boldsymbol{x}}$, $\\frac{dy}{dA}$ и $\\frac{dy}{d\\boldsymbol{c}}$"
   ]
  },
  {
   "cell_type": "markdown",
   "metadata": {
    "colab_type": "text",
    "id": "oNTDVikgWK6F"
   },
   "source": [
    "# TASK"
   ]
  },
  {
   "cell_type": "markdown",
   "metadata": {},
   "source": [
    "#hint\n",
    "tr(ABC) = tr(CAB)"
   ]
  },
  {
   "cell_type": "markdown",
   "metadata": {},
   "source": [
    "#hint\n",
    "Транспонирование одномерного массива возвращает одномерный массив"
   ]
  },
  {
   "cell_type": "code",
   "execution_count": 152,
   "metadata": {
    "colab": {},
    "colab_type": "code",
    "id": "_awC3d6CWK6I"
   },
   "outputs": [],
   "source": [
    "def matrix_deriv(x: np.array, A: np.array, c: np.array):\n",
    "    return dot(A, c), dot(c, x.T).T, dot(x.T, A)"
   ]
  },
  {
   "cell_type": "code",
   "execution_count": 153,
   "metadata": {
    "colab": {},
    "colab_type": "code",
    "id": "pSDYNrQmWK6T"
   },
   "outputs": [],
   "source": [
    "######################################################\n",
    "x = np.array([ [1], [2], [3],  [4]])\n",
    "c = np.array([[25], [5],[-9]])\n",
    "A = np.arange(12).reshape(4,3)\n"
   ]
  },
  {
   "cell_type": "code",
   "execution_count": 154,
   "metadata": {},
   "outputs": [],
   "source": [
    "\n",
    "y1, y2, y3 = matrix_deriv(x, A, c)\n",
    "\n",
    "assert_array_equal(y1, np.array([[-13],\n",
    "                                [ 50],\n",
    "                                [113],\n",
    "                                [176]]))\n",
    "\n",
    "assert_array_equal(y2, np.array([[ 25,   5,  -9],\n",
    "                                [ 50,  10, -18],\n",
    "                                [ 75,  15, -27],\n",
    "                                [100,  20, -36]]))\n",
    "                   \n",
    "assert_array_equal(y3, np.array([[60, 70, 80]]))\n",
    "######################################################\n",
    "\n"
   ]
  },
  {
   "cell_type": "markdown",
   "metadata": {
    "colab_type": "text",
    "id": "Jvls9GQxWK5O"
   },
   "source": [
    "# SLIDE (1) Честная регрессия"
   ]
  },
  {
   "cell_type": "markdown",
   "metadata": {
    "colab_type": "text",
    "id": "9POKe84XWK6A"
   },
   "source": [
    "В случае линейной регрессии по функционалу $MSE$ задачу оптимизации можно записать следующим образом:\n",
    "\n",
    "$$ \\frac{1}{n}\\sum_{k=1}^N (\\boldsymbol{x}_k^T\\boldsymbol{w} - y_k) ^ 2 \\to \\min_{\\boldsymbol{w}}$$\n",
    "\n",
    "Мы уже знаем, что решение будет выглядеть следующим образом:\n",
    "\n",
    "$$\\boldsymbol{w} = \\begin{cases} X^{-1}\\boldsymbol{y}, & n = m\\\\\n",
    "(X^TX)^{-1}X^T\\boldsymbol{y}, & n > m\\\\\n",
    "X^{T}(XX^{T})^{-1}\\boldsymbol{y}, & n < m\n",
    "\\end{cases}$$\n",
    "\n",
    "где $n$ - количество объектов, а $m$ - количество признаков + 1 (дополнительно 1 вес без признака).\n",
    "\n",
    "Решите задачу регрессии честно, используя формулу выше. \n",
    "\n",
    "Чтобы вы не запутались мы сразу написали добавление единичного столбца к матрице $X$.\n",
    "\n",
    "\n",
    "### Sample 1\n",
    "#### Input:\n",
    "```python\n",
    "X_train = np.array([[1]])\n",
    "y_train = np.array([2])\n",
    "X_test = np.array([[0.], [2.], [3.]])\n",
    "```\n",
    "#### Output:\n",
    "```python\n",
    "model.predict(X_test) == np.array([1., 3., 4.])\n",
    "model.w_ == np.array([[1.], [1.]])\n",
    "model.coef_ == np.array([1., 1.])\n",
    "```"
   ]
  },
  {
   "cell_type": "markdown",
   "metadata": {
    "colab_type": "text",
    "id": "oNTDVikgWK6F"
   },
   "source": [
    "# TASK"
   ]
  },
  {
   "cell_type": "code",
   "execution_count": 272,
   "metadata": {
    "colab": {},
    "colab_type": "code",
    "id": "_awC3d6CWK6I"
   },
   "outputs": [],
   "source": [
    "\n",
    "from numpy.linalg import inv as pinv\n",
    "\n",
    "class TrueLinReg():\n",
    "    def __init__(self):\n",
    "        self.w_ = None  # столбец\n",
    "        self.coef_ = None # строка\n",
    "        \n",
    "    def fit(self, X: np.array, y: np.array) -> np.array:\n",
    "        X = np.concatenate([X, np.ones((X.shape[0], 1))], axis=1) #добавляем вес без признака\n",
    "        \n",
    "        n, m = X.shape\n",
    "        if n == m:\n",
    "            self.w_ = dot(pinv(X), y)\n",
    "        elif n > m:\n",
    "            self.w_ = dot(dot(pinv(dot(X.T, X)), X.T), y)\n",
    "        else:\n",
    "            self.w_ = dot(dot(X.T, pinv(dot(X, X.T))), y)\n",
    "        \n",
    "        self.w_ = self.w_[np.newaxis].T\n",
    "        self.coef_ = self.w_.reshape(-1)\n",
    "#         print(n, m)\n",
    "#         print(self.w_[np.newaxis].T)\n",
    "#         print(self.coef_)\n",
    "        return self\n",
    "        \n",
    "    def predict(self, X) -> np.array:\n",
    "        X = np.concatenate([X, np.ones((X.shape[0], 1))], axis=1)\n",
    "        return (X @ self.w_).reshape(-1)"
   ]
  },
  {
   "cell_type": "code",
   "execution_count": 273,
   "metadata": {},
   "outputs": [],
   "source": [
    "from sklearn.datasets import make_regression\n",
    "from sklearn.linear_model import LinearRegression\n",
    "import sklearn\n"
   ]
  },
  {
   "cell_type": "code",
   "execution_count": 274,
   "metadata": {},
   "outputs": [],
   "source": [
    "######################################################\n",
    "X_reg = np.array([[1], [2]])\n",
    "y_reg = np.array([1, 2])\n",
    "\n",
    "\n",
    "model = TrueLinReg().fit(X_reg, y_reg)\n",
    "\n",
    "assert_array_almost_equal(model.predict(np.array([[0], [3], [4]])), np.array([0, 3, 4]), decimal=2)\n",
    "\n",
    "assert_array_almost_equal(model.w_, np.array([[1.], [0.]]), decimal=2)\n",
    "\n",
    "assert_array_almost_equal(model.coef_, np.array([1., 0.]), decimal=2)\n",
    "######################################################\n",
    "X_reg = np.array([[1], [2], [3]])\n",
    "y_reg = np.array([1, -2, 1])\n",
    "\n",
    "model = TrueLinReg().fit(X_reg, y_reg)\n",
    "assert_array_almost_equal(model.predict(np.array([[0],[4]])), np.array([0., 0.]), decimal=2)\n",
    "\n",
    "assert_array_almost_equal(model.w_, np.array([[0.], [0.]]), decimal=2)\n",
    "\n",
    "assert_array_almost_equal(model.coef_, np.array([0., 0.]), decimal=2)\n",
    "######################################################\n",
    "X_reg = np.array([[1]])\n",
    "y_reg = np.array([2])\n",
    "\n",
    "model = TrueLinReg().fit(X_reg, y_reg)\n",
    "assert_array_almost_equal(model.predict(np.array([[0.], [2.], [3.]])), np.array([1., 3., 4.]), decimal=2)\n",
    "\n",
    "assert_array_almost_equal(model.w_, np.array([[1.], [1.]]), decimal=2)\n",
    "\n",
    "assert_array_almost_equal(model.coef_, np.array([1., 1.]), decimal=2)\n",
    "######################################################\n",
    "X_reg, y_reg = make_regression(n_samples=10, n_features=9, n_targets=1)\n",
    "\n",
    "model = LinearRegression().fit(X_reg, y_reg)\n",
    "model_my = TrueLinReg().fit(X_reg, y_reg)\n",
    "\n",
    "coef_real = np.hstack([model.coef_, model.intercept_])\n",
    "\n",
    "assert_array_almost_equal(model_my.coef_, coef_real, decimal=3)\n",
    "######################################################\n",
    "X_reg, y_reg = make_regression(n_samples=200, n_features=10, n_targets=1)\n",
    "\n",
    "model = LinearRegression().fit(X_reg, y_reg)\n",
    "model_my = TrueLinReg().fit(X_reg, y_reg)\n",
    "\n",
    "coef_real = np.hstack([model.coef_, model.intercept_])\n",
    "\n",
    "assert_array_almost_equal(model_my.coef_, coef_real, decimal=3)\n",
    "######################################################\n",
    "X_reg, y_reg = make_regression(n_samples=10, n_features=15, n_targets=1)\n",
    "\n",
    "model = LinearRegression().fit(X_reg, y_reg)\n",
    "model_my = TrueLinReg().fit(X_reg, y_reg)\n",
    "coef_real = np.hstack([model.coef_, model.intercept_])\n",
    "\n",
    "assert sklearn.metrics.mean_absolute_error(model_my.coef_, coef_real) < 20"
   ]
  },
  {
   "cell_type": "markdown",
   "metadata": {},
   "source": [
    "# SLIDE (1) Честная регуляризация"
   ]
  },
  {
   "cell_type": "markdown",
   "metadata": {},
   "source": [
    "Добавьте регуляризацию с коэффициентом $\\lambda$ и решите задачу регрессии (для любого соотношения $m$ и $n$ используйте формулу)\n",
    "$$\\boldsymbol{w} = (X^TX + \\lambda E)^{-1}X^T\\boldsymbol{y}$$\n",
    "где $E$ - единичная матрица.\n",
    "\n",
    "Не забудьте сами добавить **справа** единичный столбец к матрице $X$ аналогично предыдущей задаче.\n",
    "### Sample 1\n",
    "#### Input:\n",
    "```python\n",
    "X_train = np.array([[1], [2]])\n",
    "y_train = np.array([1, 2])\n",
    "lamb = 1\n",
    "\n",
    "X_test = np.array([[0], [4]])\n",
    "```\n",
    "#### Output:\n",
    "```python\n",
    "model.predict(X_test) == np.array([0.33, 3])\n",
    "model.w_ == np.array([[0.67], [0.33]])\n",
    "model.coef_ == np.array([0.67, 0.33])\n",
    "```"
   ]
  },
  {
   "cell_type": "markdown",
   "metadata": {},
   "source": [
    "# TASK"
   ]
  },
  {
   "cell_type": "code",
   "execution_count": 139,
   "metadata": {},
   "outputs": [],
   "source": [
    "from numpy.linalg import inv\n",
    "\n",
    "\n",
    "class TrueReg():\n",
    "    def __init__(self, lamb):\n",
    "        self.lamb = lamb\n",
    "    \n",
    "    def fit(self, X: np.array, y: np.array) -> np.array:\n",
    "        X = np.concatenate([X, np.ones((X.shape[0], 1))], axis=1) #добавляем вес без признака\n",
    "        \n",
    "        XTX = dot(X.T, X)\n",
    "        \n",
    "        El = self.lamb*np.eye(XTX.shape[0])\n",
    "        XpE = XTX + El\n",
    "        invXE = inv(XpE)\n",
    "        invXEXT = dot(invXE, X.T)\n",
    "        invXEXTy = dot(invXEXT, y)\n",
    "        print(X)\n",
    "        print(XTX)\n",
    "        print(El)\n",
    "        print(XpE)\n",
    "        print(invXE)\n",
    "        print(invXEXT)\n",
    "        print(invXEXTy)\n",
    "        self.w_ = invXEXTy\n",
    "        self.w_ = self.w_[np.newaxis].T\n",
    "        self.coef_ = self.w_.reshape(-1)\n",
    "\n",
    "        print(self.w_)\n",
    "        print(self.coef_)\n",
    "        return self\n",
    "        \n",
    "    def predict(self, X):\n",
    "        X = np.concatenate([X, np.ones((X.shape[0], 1))], axis=1)\n",
    "        return (X @ self.w_).reshape(-1)"
   ]
  },
  {
   "cell_type": "code",
   "execution_count": 140,
   "metadata": {},
   "outputs": [
    {
     "name": "stdout",
     "output_type": "stream",
     "text": [
      "[[1. 1.]\n",
      " [2. 1.]]\n",
      "[[5. 3.]\n",
      " [3. 2.]]\n",
      "[[1. 0.]\n",
      " [0. 1.]]\n",
      "[[6. 3.]\n",
      " [3. 3.]]\n",
      "[[ 0.33333333 -0.33333333]\n",
      " [-0.33333333  0.66666667]]\n",
      "[[0.         0.33333333]\n",
      " [0.33333333 0.        ]]\n",
      "[0.66666667 0.33333333]\n",
      "[[0.66666667]\n",
      " [0.33333333]]\n",
      "[0.66666667 0.33333333]\n",
      "[[-1.52040716  0.53069119  1.07434373 ... -0.43876062  0.54900418\n",
      "   1.        ]\n",
      " [ 2.00827588  0.97574774 -0.31654045 ...  0.20716195  0.60608045\n",
      "   1.        ]\n",
      " [ 0.17806492 -1.98507464 -0.52362565 ...  0.73587884  0.9305471\n",
      "   1.        ]\n",
      " ...\n",
      " [-0.69592762 -0.55814767  0.13504361 ... -1.13030292 -1.81830701\n",
      "   1.        ]\n",
      " [ 0.436121   -0.00985649 -0.44218453 ... -0.50480725  0.97702327\n",
      "   1.        ]\n",
      " [ 0.44108316  0.69646602  0.53025543 ...  0.37326543 -0.67255341\n",
      "   1.        ]]\n",
      "[[ 99.39561491 -16.29224054  -6.4309917  ...   2.2611232   -3.40058478\n",
      "    1.91161783]\n",
      " [-16.29224054 101.46829117  -9.67898224 ... -19.98426244   0.56030653\n",
      "  -14.23125556]\n",
      " [ -6.4309917   -9.67898224 102.47744912 ... -10.41879379   5.41850617\n",
      "   -2.1859102 ]\n",
      " ...\n",
      " [  2.2611232  -19.98426244 -10.41879379 ...  83.98463817   1.09424908\n",
      "    0.92749568]\n",
      " [ -3.40058478   0.56030653   5.41850617 ...   1.09424908 103.78903219\n",
      "   -3.14177163]\n",
      " [  1.91161783 -14.23125556  -2.1859102  ...   0.92749568  -3.14177163\n",
      "  100.        ]]\n",
      "[[1. 0. 0. ... 0. 0. 0.]\n",
      " [0. 1. 0. ... 0. 0. 0.]\n",
      " [0. 0. 1. ... 0. 0. 0.]\n",
      " ...\n",
      " [0. 0. 0. ... 1. 0. 0.]\n",
      " [0. 0. 0. ... 0. 1. 0.]\n",
      " [0. 0. 0. ... 0. 0. 1.]]\n",
      "[[100.39561491 -16.29224054  -6.4309917  ...   2.2611232   -3.40058478\n",
      "    1.91161783]\n",
      " [-16.29224054 102.46829117  -9.67898224 ... -19.98426244   0.56030653\n",
      "  -14.23125556]\n",
      " [ -6.4309917   -9.67898224 103.47744912 ... -10.41879379   5.41850617\n",
      "   -2.1859102 ]\n",
      " ...\n",
      " [  2.2611232  -19.98426244 -10.41879379 ...  84.98463817   1.09424908\n",
      "    0.92749568]\n",
      " [ -3.40058478   0.56030653   5.41850617 ...   1.09424908 104.78903219\n",
      "   -3.14177163]\n",
      " [  1.91161783 -14.23125556  -2.1859102  ...   0.92749568  -3.14177163\n",
      "  101.        ]]\n",
      "[[ 0.09872734 -0.00628467  0.00707264 ... -0.00336518 -0.01116477\n",
      "   0.00626687]\n",
      " [-0.00628467  0.08385759  0.01228742 ...  0.01993214 -0.00546641\n",
      "   0.03675891]\n",
      " [ 0.00707264  0.01228742  0.09202964 ... -0.00369737  0.01336808\n",
      "  -0.00259925]\n",
      " ...\n",
      " [-0.00336518  0.01993214 -0.00369737 ...  0.08598717 -0.01695298\n",
      "   0.01363583]\n",
      " [-0.01116477 -0.00546641  0.01336808 ... -0.01695298  0.08669914\n",
      "  -0.00945985]\n",
      " [ 0.00626687  0.03675891 -0.00259925 ...  0.01363583 -0.00945985\n",
      "   0.144108  ]]\n",
      "[[-0.0108114   0.03642498  0.00290436 ... -0.03841928 -0.03299593\n",
      "   0.01673515]\n",
      " [ 0.00433873  0.01380881 -0.0366411  ...  0.00616332 -0.01738653\n",
      "   0.01925015]\n",
      " [-0.00664723 -0.01395429  0.00654025 ... -0.0337807  -0.00300322\n",
      "  -0.01530927]\n",
      " ...\n",
      " [-0.0374238  -0.01675238  0.00759933 ... -0.00088053 -0.02087826\n",
      "   0.01142346]\n",
      " [ 0.01613135 -0.00878045  0.00668395 ... -0.01822516 -0.03459011\n",
      "  -0.01366702]\n",
      " [ 0.03381934  0.01323333  0.02219221 ... -0.01140366  0.02762274\n",
      "   0.03322804]]\n",
      "[-0.75169835 -4.88816411 -3.43216386  0.65263127  0.9338756  -5.15964385\n",
      "  3.56044444 -2.39104691  4.03065737 -2.98916905  0.40082507  5.71395531\n",
      " -0.6566001   0.84238534  6.30299743 -5.29876919 62.14018749 65.2133201\n",
      " -1.50346074  4.04306675  3.80520614 -1.59510714 53.51242559  0.70108092\n",
      "  0.31167613 -1.07772542 -6.07180432 -0.41727002  0.52064712  0.66669488\n",
      "  1.05074379  5.81391633 61.944339    4.2320311   0.73745382  1.95737286\n",
      " -0.79314873  2.87151341  5.88768412 -0.38620593 -2.17118025 -2.67303319\n",
      " -6.09918173 -4.42961989 -0.19056601  2.39634049 -1.36392659 -1.89788914\n",
      " 67.80815518 -3.13163824  4.12458505  1.99304867 -2.55085652 -2.8353875\n",
      "  4.74957418  1.84526121 -1.12186201 -1.88283209 79.97649213 34.70176207\n",
      "  0.26314373  1.96789691  1.34858178  1.54621972  0.74680732 -0.25975694\n",
      "  1.96834013  3.08641609 -0.87384043 -3.02011931 -5.08844759  3.34570489\n",
      " -2.5889723  45.27088276  4.58063683  0.62864627  2.58152227  1.1268072\n",
      "  1.31268611 -1.19719744 -5.74672199 -1.99846243 -3.92335796  4.80598807\n",
      " -3.56296337 -4.2680461   4.73704623 -1.07472564  6.17440798  3.08798003\n",
      " -2.01827865  3.01988688 -3.27648445 -2.7195616   0.86313403  4.94565948\n",
      " 56.15779798  0.39290174 61.66415201 -8.57669317]\n",
      "[[-0.75169835]\n",
      " [-4.88816411]\n",
      " [-3.43216386]\n",
      " [ 0.65263127]\n",
      " [ 0.9338756 ]\n",
      " [-5.15964385]\n",
      " [ 3.56044444]\n",
      " [-2.39104691]\n",
      " [ 4.03065737]\n",
      " [-2.98916905]\n",
      " [ 0.40082507]\n",
      " [ 5.71395531]\n",
      " [-0.6566001 ]\n",
      " [ 0.84238534]\n",
      " [ 6.30299743]\n",
      " [-5.29876919]\n",
      " [62.14018749]\n",
      " [65.2133201 ]\n",
      " [-1.50346074]\n",
      " [ 4.04306675]\n",
      " [ 3.80520614]\n",
      " [-1.59510714]\n",
      " [53.51242559]\n",
      " [ 0.70108092]\n",
      " [ 0.31167613]\n",
      " [-1.07772542]\n",
      " [-6.07180432]\n",
      " [-0.41727002]\n",
      " [ 0.52064712]\n",
      " [ 0.66669488]\n",
      " [ 1.05074379]\n",
      " [ 5.81391633]\n",
      " [61.944339  ]\n",
      " [ 4.2320311 ]\n",
      " [ 0.73745382]\n",
      " [ 1.95737286]\n",
      " [-0.79314873]\n",
      " [ 2.87151341]\n",
      " [ 5.88768412]\n",
      " [-0.38620593]\n",
      " [-2.17118025]\n",
      " [-2.67303319]\n",
      " [-6.09918173]\n",
      " [-4.42961989]\n",
      " [-0.19056601]\n",
      " [ 2.39634049]\n",
      " [-1.36392659]\n",
      " [-1.89788914]\n",
      " [67.80815518]\n",
      " [-3.13163824]\n",
      " [ 4.12458505]\n",
      " [ 1.99304867]\n",
      " [-2.55085652]\n",
      " [-2.8353875 ]\n",
      " [ 4.74957418]\n",
      " [ 1.84526121]\n",
      " [-1.12186201]\n",
      " [-1.88283209]\n",
      " [79.97649213]\n",
      " [34.70176207]\n",
      " [ 0.26314373]\n",
      " [ 1.96789691]\n",
      " [ 1.34858178]\n",
      " [ 1.54621972]\n",
      " [ 0.74680732]\n",
      " [-0.25975694]\n",
      " [ 1.96834013]\n",
      " [ 3.08641609]\n",
      " [-0.87384043]\n",
      " [-3.02011931]\n",
      " [-5.08844759]\n",
      " [ 3.34570489]\n",
      " [-2.5889723 ]\n",
      " [45.27088276]\n",
      " [ 4.58063683]\n",
      " [ 0.62864627]\n",
      " [ 2.58152227]\n",
      " [ 1.1268072 ]\n",
      " [ 1.31268611]\n",
      " [-1.19719744]\n",
      " [-5.74672199]\n",
      " [-1.99846243]\n",
      " [-3.92335796]\n",
      " [ 4.80598807]\n",
      " [-3.56296337]\n",
      " [-4.2680461 ]\n",
      " [ 4.73704623]\n",
      " [-1.07472564]\n",
      " [ 6.17440798]\n",
      " [ 3.08798003]\n",
      " [-2.01827865]\n",
      " [ 3.01988688]\n",
      " [-3.27648445]\n",
      " [-2.7195616 ]\n",
      " [ 0.86313403]\n",
      " [ 4.94565948]\n",
      " [56.15779798]\n",
      " [ 0.39290174]\n",
      " [61.66415201]\n",
      " [-8.57669317]]\n",
      "[-0.75169835 -4.88816411 -3.43216386  0.65263127  0.9338756  -5.15964385\n",
      "  3.56044444 -2.39104691  4.03065737 -2.98916905  0.40082507  5.71395531\n",
      " -0.6566001   0.84238534  6.30299743 -5.29876919 62.14018749 65.2133201\n",
      " -1.50346074  4.04306675  3.80520614 -1.59510714 53.51242559  0.70108092\n",
      "  0.31167613 -1.07772542 -6.07180432 -0.41727002  0.52064712  0.66669488\n",
      "  1.05074379  5.81391633 61.944339    4.2320311   0.73745382  1.95737286\n",
      " -0.79314873  2.87151341  5.88768412 -0.38620593 -2.17118025 -2.67303319\n",
      " -6.09918173 -4.42961989 -0.19056601  2.39634049 -1.36392659 -1.89788914\n",
      " 67.80815518 -3.13163824  4.12458505  1.99304867 -2.55085652 -2.8353875\n",
      "  4.74957418  1.84526121 -1.12186201 -1.88283209 79.97649213 34.70176207\n",
      "  0.26314373  1.96789691  1.34858178  1.54621972  0.74680732 -0.25975694\n",
      "  1.96834013  3.08641609 -0.87384043 -3.02011931 -5.08844759  3.34570489\n",
      " -2.5889723  45.27088276  4.58063683  0.62864627  2.58152227  1.1268072\n",
      "  1.31268611 -1.19719744 -5.74672199 -1.99846243 -3.92335796  4.80598807\n",
      " -3.56296337 -4.2680461   4.73704623 -1.07472564  6.17440798  3.08798003\n",
      " -2.01827865  3.01988688 -3.27648445 -2.7195616   0.86313403  4.94565948\n",
      " 56.15779798  0.39290174 61.66415201 -8.57669317]\n",
      "[[ 0.17651303 -0.87187372  0.64429999 ... -0.84801517 -0.33284552\n",
      "   1.        ]\n",
      " [ 0.24986098 -0.05470875  1.32259085 ...  0.00527443 -0.46239924\n",
      "   1.        ]\n",
      " [-0.17823475 -0.33203814 -0.18405061 ...  0.29705346 -0.5493713\n",
      "   1.        ]\n",
      " ...\n",
      " [ 1.09698145  1.02381303  0.01479836 ...  0.56757899  0.55010217\n",
      "   1.        ]\n",
      " [-0.10302438  1.04518773 -0.303667   ...  0.42044424  2.5064105\n",
      "   1.        ]\n",
      " [-0.27253848 -2.07900556  1.48826182 ... -0.48563288 -0.88050358\n",
      "   1.        ]]\n",
      "[[1972.69496661   19.69822669   16.74676904   41.5921297    94.97319452\n",
      "    -4.00534064  -24.35762349    6.29003656    9.08047034   -9.27461612\n",
      "    86.5645705 ]\n",
      " [  19.69822669 2016.99606367  -30.80503403   -6.79149606    5.06126007\n",
      "   -17.09249914  -15.79725962   23.19415784  -45.62099176  -25.09827247\n",
      "   -59.99738174]\n",
      " [  16.74676904  -30.80503403 1922.16721105   24.75260513    9.15836167\n",
      "    35.1069193   -31.34553946   26.11959863   40.57295125   16.44273606\n",
      "   -12.27020327]\n",
      " [  41.5921297    -6.79149606   24.75260513 1960.11983512   59.77957858\n",
      "   -24.7460017    40.31245904 -100.77193787   57.42189207   60.38365821\n",
      "    34.77659072]\n",
      " [  94.97319452    5.06126007    9.15836167   59.77957858 2094.5352177\n",
      "   -58.60437806  -18.26617967  -25.70675561  -69.66101711   -8.39440843\n",
      "    11.97144995]\n",
      " [  -4.00534064  -17.09249914   35.1069193   -24.7460017   -58.60437806\n",
      "  2059.0456487    -6.4353539     2.48427256   60.38277232   35.42820655\n",
      "    40.18187574]\n",
      " [ -24.35762349  -15.79725962  -31.34553946   40.31245904  -18.26617967\n",
      "    -6.4353539  2149.15964422   14.21675287   38.32380311   18.58770984\n",
      "   -19.71425363]\n",
      " [   6.29003656   23.19415784   26.11959863 -100.77193787  -25.70675561\n",
      "     2.48427256   14.21675287 2015.42180879   10.5340837   -30.50935861\n",
      "   -29.20037125]\n",
      " [   9.08047034  -45.62099176   40.57295125   57.42189207  -69.66101711\n",
      "    60.38277232   38.32380311   10.5340837  2057.81342049   85.38382389\n",
      "   102.60917171]\n",
      " [  -9.27461612  -25.09827247   16.44273606   60.38365821   -8.39440843\n",
      "    35.42820655   18.58770984  -30.50935861   85.38382389 2039.49201332\n",
      "    44.55457421]\n",
      " [  86.5645705   -59.99738174  -12.27020327   34.77659072   11.97144995\n",
      "    40.18187574  -19.71425363  -29.20037125  102.60917171   44.55457421\n",
      "  2000.        ]]\n",
      "[[1. 0. 0. 0. 0. 0. 0. 0. 0. 0. 0.]\n",
      " [0. 1. 0. 0. 0. 0. 0. 0. 0. 0. 0.]\n",
      " [0. 0. 1. 0. 0. 0. 0. 0. 0. 0. 0.]\n",
      " [0. 0. 0. 1. 0. 0. 0. 0. 0. 0. 0.]\n",
      " [0. 0. 0. 0. 1. 0. 0. 0. 0. 0. 0.]\n",
      " [0. 0. 0. 0. 0. 1. 0. 0. 0. 0. 0.]\n",
      " [0. 0. 0. 0. 0. 0. 1. 0. 0. 0. 0.]\n",
      " [0. 0. 0. 0. 0. 0. 0. 1. 0. 0. 0.]\n",
      " [0. 0. 0. 0. 0. 0. 0. 0. 1. 0. 0.]\n",
      " [0. 0. 0. 0. 0. 0. 0. 0. 0. 1. 0.]\n",
      " [0. 0. 0. 0. 0. 0. 0. 0. 0. 0. 1.]]\n",
      "[[1973.69496661   19.69822669   16.74676904   41.5921297    94.97319452\n",
      "    -4.00534064  -24.35762349    6.29003656    9.08047034   -9.27461612\n",
      "    86.5645705 ]\n",
      " [  19.69822669 2017.99606367  -30.80503403   -6.79149606    5.06126007\n",
      "   -17.09249914  -15.79725962   23.19415784  -45.62099176  -25.09827247\n",
      "   -59.99738174]\n",
      " [  16.74676904  -30.80503403 1923.16721105   24.75260513    9.15836167\n",
      "    35.1069193   -31.34553946   26.11959863   40.57295125   16.44273606\n",
      "   -12.27020327]\n",
      " [  41.5921297    -6.79149606   24.75260513 1961.11983512   59.77957858\n",
      "   -24.7460017    40.31245904 -100.77193787   57.42189207   60.38365821\n",
      "    34.77659072]\n",
      " [  94.97319452    5.06126007    9.15836167   59.77957858 2095.5352177\n",
      "   -58.60437806  -18.26617967  -25.70675561  -69.66101711   -8.39440843\n",
      "    11.97144995]\n",
      " [  -4.00534064  -17.09249914   35.1069193   -24.7460017   -58.60437806\n",
      "  2060.0456487    -6.4353539     2.48427256   60.38277232   35.42820655\n",
      "    40.18187574]\n",
      " [ -24.35762349  -15.79725962  -31.34553946   40.31245904  -18.26617967\n",
      "    -6.4353539  2150.15964422   14.21675287   38.32380311   18.58770984\n",
      "   -19.71425363]\n",
      " [   6.29003656   23.19415784   26.11959863 -100.77193787  -25.70675561\n",
      "     2.48427256   14.21675287 2016.42180879   10.5340837   -30.50935861\n",
      "   -29.20037125]\n",
      " [   9.08047034  -45.62099176   40.57295125   57.42189207  -69.66101711\n",
      "    60.38277232   38.32380311   10.5340837  2058.81342049   85.38382389\n",
      "   102.60917171]\n",
      " [  -9.27461612  -25.09827247   16.44273606   60.38365821   -8.39440843\n",
      "    35.42820655   18.58770984  -30.50935861   85.38382389 2040.49201332\n",
      "    44.55457421]\n",
      " [  86.5645705   -59.99738174  -12.27020327   34.77659072   11.97144995\n",
      "    40.18187574  -19.71425363  -29.20037125  102.60917171   44.55457421\n",
      "  2001.        ]]\n",
      "[[ 5.09115079e-04 -5.59075960e-06 -4.29996854e-06 -9.95391615e-06\n",
      "  -2.26484321e-05  7.05364384e-07  5.48502745e-06 -2.55617032e-06\n",
      "  -1.91467901e-06  2.93867405e-06 -2.18748332e-05]\n",
      " [-5.59075960e-06  4.96554761e-04  7.91300703e-06  7.41567374e-07\n",
      "  -6.82793750e-07  3.32638264e-06  3.64167710e-06 -5.56288156e-06\n",
      "   9.75992697e-06  5.09585168e-06  1.44440876e-05]\n",
      " [-4.29996854e-06  7.91300703e-06  5.20892550e-04 -6.69813333e-06\n",
      "  -2.54005052e-06 -8.67343993e-06  7.97770410e-06 -7.17611470e-06\n",
      "  -9.89983426e-06 -3.64498519e-06  4.48588073e-06]\n",
      " [-9.95391615e-06  7.41567374e-07 -6.69813333e-06  5.13201620e-04\n",
      "  -1.42249542e-05  6.58889391e-06 -9.79421545e-06  2.53894924e-05\n",
      "  -1.37953314e-05 -1.41374922e-05 -7.25846474e-06]\n",
      " [-2.26484321e-05 -6.82793750e-07 -2.54005052e-06 -1.42249542e-05\n",
      "   4.79677630e-04  1.30212066e-05  3.71733011e-06  5.37168573e-06\n",
      "   1.63554192e-05  1.49831518e-06 -2.69733734e-06]\n",
      " [ 7.05364384e-07  3.32638264e-06 -8.67343993e-06  6.58889391e-06\n",
      "   1.30212066e-05  4.86750386e-04  1.56724030e-06 -2.24530648e-07\n",
      "  -1.30306192e-05 -7.75236334e-06 -9.09778651e-06]\n",
      " [ 5.48502745e-06  3.64167710e-06  7.97770410e-06 -9.79421545e-06\n",
      "   3.71733011e-06  1.56724030e-06  4.65762851e-04 -3.82919289e-06\n",
      "  -8.49531145e-06 -3.77238374e-06  5.08987006e-06]\n",
      " [-2.55617032e-06 -5.56288156e-06 -7.17611470e-06  2.53894924e-05\n",
      "   5.37168573e-06 -2.24530648e-07 -3.82919289e-06  4.97674934e-04\n",
      "  -3.57806841e-06  6.73219790e-06  6.68926230e-06]\n",
      " [-1.91467901e-06  9.75992697e-06 -9.89983426e-06 -1.37953314e-05\n",
      "   1.63554192e-05 -1.30306192e-05 -8.49531145e-06 -3.57806841e-06\n",
      "   4.89624267e-04 -1.90451634e-05 -2.41009292e-05]\n",
      " [ 2.93867405e-06  5.09585168e-06 -3.64498519e-06 -1.41374922e-05\n",
      "   1.49831518e-06 -7.75236334e-06 -3.77238374e-06  6.73219790e-06\n",
      "  -1.90451634e-05  4.91882231e-04 -9.51890690e-06]\n",
      " [-2.18748332e-05  1.44440876e-05  4.48588073e-06 -7.25846474e-06\n",
      "  -2.69733734e-06 -9.09778651e-06  5.08987006e-06  6.68926230e-06\n",
      "  -2.41009292e-05 -9.51890690e-06  5.03077600e-04]]\n",
      "[[ 8.82073308e-05  7.03981974e-05 -1.33647964e-04 ...  5.28234950e-04\n",
      "  -1.29233953e-04 -1.52494122e-04]\n",
      " [-4.14333401e-04 -1.17353478e-05 -1.44965509e-04 ...  5.17153784e-04\n",
      "   5.32053739e-04 -1.02178095e-03]\n",
      " [ 3.54161307e-04  6.75914334e-04 -1.07003702e-04 ...  1.06333160e-06\n",
      "  -1.94147730e-04  7.82553244e-04]\n",
      " ...\n",
      " [-4.59761326e-04 -3.28546238e-05  1.26852847e-04 ...  2.57676202e-04\n",
      "   1.70600052e-04 -2.20660769e-04]\n",
      " [-1.80099121e-04 -2.45501725e-04 -3.05342562e-04 ...  2.72492788e-04\n",
      "   1.23157488e-03 -4.02566921e-04]\n",
      " [ 5.02964648e-04  5.05265686e-04  4.77068842e-04 ...  4.83740804e-04\n",
      "   4.78194277e-04  5.24852928e-04]]\n",
      "[3.24172238e+01 5.14435080e+00 9.23482176e+01 4.32748135e+01\n",
      " 5.09268223e+01 9.51639802e+01 3.43051910e+01 2.65101919e+01\n",
      " 3.37596858e+01 8.26132301e+01 2.78707405e-03]\n",
      "[[3.24172238e+01]\n",
      " [5.14435080e+00]\n",
      " [9.23482176e+01]\n",
      " [4.32748135e+01]\n",
      " [5.09268223e+01]\n",
      " [9.51639802e+01]\n",
      " [3.43051910e+01]\n",
      " [2.65101919e+01]\n",
      " [3.37596858e+01]\n",
      " [8.26132301e+01]\n",
      " [2.78707405e-03]]\n",
      "[3.24172238e+01 5.14435080e+00 9.23482176e+01 4.32748135e+01\n",
      " 5.09268223e+01 9.51639802e+01 3.43051910e+01 2.65101919e+01\n",
      " 3.37596858e+01 8.26132301e+01 2.78707405e-03]\n",
      "[[ 0.83398522  0.83562286  1.19566678 ... -0.26063562 -0.5472008\n",
      "   1.        ]\n",
      " [-0.83656743 -0.32329831  0.7006622  ...  0.26688448  0.6445013\n",
      "   1.        ]\n",
      " [-0.61501943  0.43796819  0.0467888  ... -0.49835967  0.42628126\n",
      "   1.        ]\n",
      " ...\n",
      " [-0.10915924  0.50847417 -0.25220129 ... -1.01187081 -0.46050776\n",
      "   1.        ]\n",
      " [ 1.39150829 -0.41099132  1.22932212 ...  0.54264037 -0.57695035\n",
      "   1.        ]\n",
      " [-0.9580462   1.86342778  0.0679925  ...  0.39332567 -0.62051654\n",
      "   1.        ]]\n",
      "[[ 8.99006437e+01  4.26652215e+00 -1.02509115e+00 ... -3.94045587e-02\n",
      "  -8.64468950e+00  1.37744015e+01]\n",
      " [ 4.26652215e+00  9.68448232e+01  1.11565925e+01 ...  3.48264547e+00\n",
      "   1.77035471e+00  6.47918410e+00]\n",
      " [-1.02509115e+00  1.11565925e+01  9.80653339e+01 ...  1.42304542e+01\n",
      "   7.13819187e+00  2.82604382e+00]\n",
      " ...\n",
      " [-3.94045587e-02  3.48264547e+00  1.42304542e+01 ...  1.00405899e+02\n",
      "  -2.73604230e+00  1.16507354e+01]\n",
      " [-8.64468950e+00  1.77035471e+00  7.13819187e+00 ... -2.73604230e+00\n",
      "   7.63553977e+01  2.76079140e+00]\n",
      " [ 1.37744015e+01  6.47918410e+00  2.82604382e+00 ...  1.16507354e+01\n",
      "   2.76079140e+00  1.00000000e+02]]\n",
      "[[1. 0. 0. ... 0. 0. 0.]\n",
      " [0. 1. 0. ... 0. 0. 0.]\n",
      " [0. 0. 1. ... 0. 0. 0.]\n",
      " ...\n",
      " [0. 0. 0. ... 1. 0. 0.]\n",
      " [0. 0. 0. ... 0. 1. 0.]\n",
      " [0. 0. 0. ... 0. 0. 1.]]\n",
      "[[ 9.09006437e+01  4.26652215e+00 -1.02509115e+00 ... -3.94045587e-02\n",
      "  -8.64468950e+00  1.37744015e+01]\n",
      " [ 4.26652215e+00  9.78448232e+01  1.11565925e+01 ...  3.48264547e+00\n",
      "   1.77035471e+00  6.47918410e+00]\n",
      " [-1.02509115e+00  1.11565925e+01  9.90653339e+01 ...  1.42304542e+01\n",
      "   7.13819187e+00  2.82604382e+00]\n",
      " ...\n",
      " [-3.94045587e-02  3.48264547e+00  1.42304542e+01 ...  1.01405899e+02\n",
      "  -2.73604230e+00  1.16507354e+01]\n",
      " [-8.64468950e+00  1.77035471e+00  7.13819187e+00 ... -2.73604230e+00\n",
      "   7.73553977e+01  2.76079140e+00]\n",
      " [ 1.37744015e+01  6.47918410e+00  2.82604382e+00 ...  1.16507354e+01\n",
      "   2.76079140e+00  1.01000000e+02]]\n",
      "[[ 0.34489079  0.04411552  0.04614801 ... -0.01444211 -0.0461125\n",
      "  -0.07242028]\n",
      " [ 0.04411552  0.34557991 -0.04787271 ... -0.01864887  0.01835307\n",
      "  -0.03897211]\n",
      " [ 0.04614801 -0.04787271  0.23961664 ... -0.06240335  0.03468549\n",
      "   0.02638498]\n",
      " ...\n",
      " [-0.01444211 -0.01864887 -0.06240335 ...  0.28348839 -0.00133961\n",
      "  -0.01511094]\n",
      " [-0.0461125   0.01835307  0.03468549 ... -0.00133961  0.39541405\n",
      "   0.00769997]\n",
      " [-0.07242028 -0.03897211  0.02638498 ... -0.01511094  0.00769997\n",
      "   0.31444101]]\n",
      "[[-0.00121843 -0.00552938 -0.01003427 ...  0.00149554  0.0116964\n",
      "  -0.00189303]\n",
      " [ 0.01021707  0.01097779  0.00016465 ...  0.0096264   0.01210204\n",
      "  -0.00180832]\n",
      " [ 0.00233106  0.00712825 -0.00430407 ...  0.00385426  0.01781257\n",
      "   0.00533962]\n",
      " ...\n",
      " [-0.01170133 -0.00406053 -0.00265815 ... -0.0007454  -0.00171048\n",
      "  -0.00024616]\n",
      " [-0.0148975   0.00122109  0.00041982 ...  0.00077658 -0.01207375\n",
      "  -0.00718837]\n",
      " [ 0.01694359  0.02091385  0.01334364 ...  0.00046311  0.01218612\n",
      "   0.00791844]]\n",
      "[-1.46198928e+01  3.91774835e+00  3.85613642e-01 -1.53161737e+00\n",
      " -2.99468999e+00 -8.69517564e+00  1.80529937e+00 -3.37541666e+00\n",
      "  7.72833438e+00  1.01042123e+01  6.21455661e+00  7.72969890e+00\n",
      "  3.13758929e+00 -1.35749445e+00 -6.33760127e+00 -1.71808422e+00\n",
      "  4.23174717e+00  7.75192540e+00  1.20641868e+01  4.03238621e+00\n",
      "  2.84665380e+00 -1.22996127e+00  4.43504886e+00 -2.73840495e+00\n",
      " -6.58692981e-01 -4.77682865e-01  2.77518428e+00 -6.47681006e+00\n",
      " -4.27022807e+00  3.31849069e+01  2.22290812e+00 -3.10462126e+00\n",
      "  6.87809365e+00 -2.23140144e+00  2.25078290e+00 -4.60317529e+00\n",
      " -2.65100911e+00  6.70867004e+00 -1.02790526e+00 -6.35808852e+00\n",
      "  2.89598547e+00 -4.13209899e+00 -4.79184651e+00 -1.06403626e+01\n",
      " -6.71283937e-02 -2.93743605e+00 -3.84092301e-02  4.87373022e+01\n",
      " -2.75495286e+00 -4.44939253e+00  5.88637369e+00 -5.55726258e-01\n",
      "  4.32673642e+00  1.45232929e+01 -6.90553740e-01 -8.35164227e+00\n",
      " -3.75568387e+00  3.01521145e+00  2.58600619e+00 -1.09171303e+01\n",
      " -6.25219498e+00  9.27047309e+00 -5.26035766e+00 -4.62186673e+00\n",
      " -2.75561397e-01 -6.25323210e+00  7.69413539e-01 -8.85307135e-01\n",
      " -1.88233444e+00  3.36877626e+00  2.21467539e+00 -8.72917121e-01\n",
      "  1.05288552e+01  1.11162847e+00 -1.49024171e+00  7.44131952e+00\n",
      "  4.79621548e+00  1.33764988e+01 -8.83078785e-01  9.19311571e+00\n",
      "  6.17424955e+00 -1.33943291e+00  8.25041344e+00  9.03226465e+00\n",
      "  7.81612207e+00  1.99861402e+01  1.89083598e+00 -6.06337562e+00\n",
      "  2.29568251e+01 -5.37076086e+00 -7.54316399e+00 -4.73624528e+00\n",
      "  5.76558561e+00  2.41651125e+01 -2.63701431e+00  5.33846157e+00\n",
      "  1.66648377e+00  4.81198714e-01  1.41254552e+00 -1.52603005e+00\n",
      "  3.24946524e+00  9.16211441e-01 -4.65401658e+00  1.25672588e+01\n",
      "  4.76170577e+00 -1.34785220e+00 -3.57210252e+00  6.75047030e+00\n",
      " -3.41450751e+00  6.99031472e+00 -8.90525987e+00  1.81785194e-01\n",
      "  3.41972109e+00  4.40211416e+00 -2.09452253e+00  6.12587322e+00\n",
      " -3.30819396e+00  1.08798550e+01 -4.77608012e+00  3.87545667e+00\n",
      "  3.49373481e+00  3.25484645e+01  7.10838739e+00 -1.30553897e+00\n",
      " -1.03411217e-01 -6.39471445e+00  1.04054720e+01 -1.71798924e+00\n",
      "  1.18976965e+00 -1.99591594e+00  4.98743094e+00  8.56028705e+00\n",
      " -4.85781848e+00  8.56324985e-01 -6.03118037e-01 -4.57350904e+00\n",
      "  2.92182165e-01 -7.93219224e+00  4.99647990e+00  1.59384834e+00\n",
      "  1.02611885e+01  7.51401759e+00  3.85189419e+00  7.36701141e+00\n",
      "  4.29042994e+00  2.73958826e+00  3.98778179e+01 -5.10094795e+00\n",
      " -4.70401884e+00  2.25291710e+00  5.28304163e+00]\n",
      "[[-1.46198928e+01]\n",
      " [ 3.91774835e+00]\n",
      " [ 3.85613642e-01]\n",
      " [-1.53161737e+00]\n",
      " [-2.99468999e+00]\n",
      " [-8.69517564e+00]\n",
      " [ 1.80529937e+00]\n",
      " [-3.37541666e+00]\n",
      " [ 7.72833438e+00]\n",
      " [ 1.01042123e+01]\n",
      " [ 6.21455661e+00]\n",
      " [ 7.72969890e+00]\n",
      " [ 3.13758929e+00]\n",
      " [-1.35749445e+00]\n",
      " [-6.33760127e+00]\n",
      " [-1.71808422e+00]\n",
      " [ 4.23174717e+00]\n",
      " [ 7.75192540e+00]\n",
      " [ 1.20641868e+01]\n",
      " [ 4.03238621e+00]\n",
      " [ 2.84665380e+00]\n",
      " [-1.22996127e+00]\n",
      " [ 4.43504886e+00]\n",
      " [-2.73840495e+00]\n",
      " [-6.58692981e-01]\n",
      " [-4.77682865e-01]\n",
      " [ 2.77518428e+00]\n",
      " [-6.47681006e+00]\n",
      " [-4.27022807e+00]\n",
      " [ 3.31849069e+01]\n",
      " [ 2.22290812e+00]\n",
      " [-3.10462126e+00]\n",
      " [ 6.87809365e+00]\n",
      " [-2.23140144e+00]\n",
      " [ 2.25078290e+00]\n",
      " [-4.60317529e+00]\n",
      " [-2.65100911e+00]\n",
      " [ 6.70867004e+00]\n",
      " [-1.02790526e+00]\n",
      " [-6.35808852e+00]\n",
      " [ 2.89598547e+00]\n",
      " [-4.13209899e+00]\n",
      " [-4.79184651e+00]\n",
      " [-1.06403626e+01]\n",
      " [-6.71283937e-02]\n",
      " [-2.93743605e+00]\n",
      " [-3.84092301e-02]\n",
      " [ 4.87373022e+01]\n",
      " [-2.75495286e+00]\n",
      " [-4.44939253e+00]\n",
      " [ 5.88637369e+00]\n",
      " [-5.55726258e-01]\n",
      " [ 4.32673642e+00]\n",
      " [ 1.45232929e+01]\n",
      " [-6.90553740e-01]\n",
      " [-8.35164227e+00]\n",
      " [-3.75568387e+00]\n",
      " [ 3.01521145e+00]\n",
      " [ 2.58600619e+00]\n",
      " [-1.09171303e+01]\n",
      " [-6.25219498e+00]\n",
      " [ 9.27047309e+00]\n",
      " [-5.26035766e+00]\n",
      " [-4.62186673e+00]\n",
      " [-2.75561397e-01]\n",
      " [-6.25323210e+00]\n",
      " [ 7.69413539e-01]\n",
      " [-8.85307135e-01]\n",
      " [-1.88233444e+00]\n",
      " [ 3.36877626e+00]\n",
      " [ 2.21467539e+00]\n",
      " [-8.72917121e-01]\n",
      " [ 1.05288552e+01]\n",
      " [ 1.11162847e+00]\n",
      " [-1.49024171e+00]\n",
      " [ 7.44131952e+00]\n",
      " [ 4.79621548e+00]\n",
      " [ 1.33764988e+01]\n",
      " [-8.83078785e-01]\n",
      " [ 9.19311571e+00]\n",
      " [ 6.17424955e+00]\n",
      " [-1.33943291e+00]\n",
      " [ 8.25041344e+00]\n",
      " [ 9.03226465e+00]\n",
      " [ 7.81612207e+00]\n",
      " [ 1.99861402e+01]\n",
      " [ 1.89083598e+00]\n",
      " [-6.06337562e+00]\n",
      " [ 2.29568251e+01]\n",
      " [-5.37076086e+00]\n",
      " [-7.54316399e+00]\n",
      " [-4.73624528e+00]\n",
      " [ 5.76558561e+00]\n",
      " [ 2.41651125e+01]\n",
      " [-2.63701431e+00]\n",
      " [ 5.33846157e+00]\n",
      " [ 1.66648377e+00]\n",
      " [ 4.81198714e-01]\n",
      " [ 1.41254552e+00]\n",
      " [-1.52603005e+00]\n",
      " [ 3.24946524e+00]\n",
      " [ 9.16211441e-01]\n",
      " [-4.65401658e+00]\n",
      " [ 1.25672588e+01]\n",
      " [ 4.76170577e+00]\n",
      " [-1.34785220e+00]\n",
      " [-3.57210252e+00]\n",
      " [ 6.75047030e+00]\n",
